1 -1 6 -1 8 -1 11 -1 18 -1 21 -1 23 -1 30 -1 31 -1 33 -1 38 -1 41 -1 45 -1 48 -1 -2
1 -1 6 -1 9 -1 11 -1 16 -1 22 -1 23 -1 30 -1 31 -1 33 -1 38 -1 42 -1 47 -1 48 -1 -2
1 -1 6 -1 8 -1 11 -1 16 -1 21 -1 25 -1 30 -1 31 -1 33 -1 38 -1 42 -1 45 -1 49 -1 -2
1 -1 6 -1 10 -1 11 -1 16 -1 21 -1 25 -1 30 -1 32 -1 33 -1 38 -1 41 -1 47 -1 48 -1 -2
1 -1 6 -1 9 -1 11 -1 16 -1 21 -1 25 -1 30 -1 32 -1 33 -1 39 -1 41 -1 47 -1 48 -1 -2
1 -1 5 -1 10 -1 14 -1 19 -1 21 -1 24 -1 30 -1 32 -1 35 -1 39 -1 41 -1 45 -1 50 -1 -2
1 -1 5 -1 9 -1 11 -1 16 -1 21 -1 25 -1 30 -1 31 -1 33 -1 39 -1 41 -1 45 -1 48 -1 -2
2 -1 5 -1 10 -1 11 -1 16 -1 21 -1 25 -1 30 -1 31 -1 33 -1 39 -1 43 -1 47 -1 51 -1 -2
2 -1 6 -1 10 -1 11 -1 16 -1 21 -1 25 -1 30 -1 32 -1 33 -1 39 -1 42 -1 47 -1 49 -1 -2
1 -1 6 -1 8 -1 11 -1 19 -1 21 -1 23 -1 30 -1 31 -1 33 -1 38 -1 41 -1 45 -1 48 -1 -2
3 -1 5 -1 10 -1 11 -1 18 -1 21 -1 23 -1 30 -1 31 -1 33 -1 39 -1 43 -1 45 -1 48 -1 -2
1 -1 6 -1 9 -1 14 -1 16 -1 22 -1 23 -1 30 -1 31 -1 33 -1 38 -1 41 -1 47 -1 48 -1 -2
1 -1 6 -1 10 -1 11 -1 16 -1 22 -1 25 -1 30 -1 32 -1 33 -1 39 -1 47 -1 49 -1 -2
2 -1 6 -1 10 -1 11 -1 16 -1 21 -1 25 -1 30 -1 32 -1 33 -1 39 -1 42 -1 47 -1 50 -1 -2
1 -1 6 -1 9 -1 11 -1 16 -1 21 -1 23 -1 30 -1 31 -1 33 -1 38 -1 41 -1 45 -1 48 -1 -2
1 -1 5 -1 10 -1 11 -1 16 -1 21 -1 24 -1 30 -1 32 -1 33 -1 39 -1 42 -1 47 -1 51 -1 -2
1 -1 5 -1 10 -1 11 -1 18 -1 21 -1 25 -1 30 -1 31 -1 33 -1 38 -1 42 -1 45 -1 48 -1 -2
1 -1 5 -1 9 -1 11 -1 16 -1 21 -1 23 -1 30 -1 31 -1 33 -1 39 -1 41 -1 45 -1 48 -1 -2
1 -1 6 -1 10 -1 11 -1 16 -1 21 -1 23 -1 30 -1 31 -1 33 -1 39 -1 42 -1 47 -1 49 -1 -2
1 -1 6 -1 9 -1 11 -1 16 -1 21 -1 23 -1 30 -1 31 -1 33 -1 38 -1 41 -1 45 -1 48 -1 -2
1 -1 6 -1 10 -1 11 -1 18 -1 21 -1 24 -1 30 -1 31 -1 36 -1 40 -1 44 -1 46 -1 52 -1 -2
3 -1 5 -1 7 -1 11 -1 16 -1 21 -1 23 -1 30 -1 31 -1 33 -1 40 -1 41 -1 45 -1 48 -1 -2
3 -1 6 -1 10 -1 11 -1 16 -1 21 -1 23 -1 30 -1 32 -1 36 -1 39 -1 42 -1 47 -1 50 -1 -2
1 -1 5 -1 9 -1 11 -1 16 -1 21 -1 23 -1 30 -1 31 -1 33 -1 38 -1 42 -1 45 -1 48 -1 -2
3 -1 6 -1 10 -1 11 -1 16 -1 22 -1 23 -1 30 -1 31 -1 33 -1 39 -1 43 -1 47 -1 51 -1 -2
1 -1 6 -1 7 -1 11 -1 16 -1 21 -1 23 -1 30 -1 31 -1 33 -1 39 -1 41 -1 47 -1 49 -1 -2
2 -1 5 -1 9 -1 11 -1 16 -1 22 -1 23 -1 28 -1 31 -1 33 -1 38 -1 41 -1 45 -1 48 -1 -2
1 -1 6 -1 7 -1 11 -1 16 -1 21 -1 25 -1 30 -1 31 -1 33 -1 39 -1 41 -1 46 -1 48 -1 -2
1 -1 5 -1 9 -1 11 -1 16 -1 21 -1 23 -1 30 -1 31 -1 33 -1 39 -1 42 -1 45 -1 48 -1 -2
3 -1 6 -1 7 -1 11 -1 17 -1 22 -1 25 -1 30 -1 31 -1 33 -1 39 -1 42 -1 45 -1 49 -1 -2
3 -1 6 -1 10 -1 11 -1 16 -1 21 -1 25 -1 30 -1 32 -1 33 -1 38 -1 42 -1 45 -1 50 -1 -2
3 -1 6 -1 10 -1 11 -1 18 -1 21 -1 25 -1 30 -1 31 -1 33 -1 39 -1 41 -1 45 -1 48 -1 -2
1 -1 6 -1 10 -1 11 -1 16 -1 21 -1 25 -1 30 -1 32 -1 33 -1 39 -1 42 -1 45 -1 51 -1 -2
1 -1 6 -1 9 -1 11 -1 16 -1 21 -1 23 -1 30 -1 31 -1 33 -1 38 -1 45 -1 48 -1 -2
3 -1 5 -1 8 -1 11 -1 18 -1 21 -1 23 -1 30 -1 31 -1 33 -1 38 -1 43 -1 45 -1 48 -1 -2
1 -1 6 -1 10 -1 11 -1 16 -1 21 -1 25 -1 30 -1 32 -1 33 -1 39 -1 42 -1 45 -1 49 -1 -2
1 -1 5 -1 10 -1 11 -1 16 -1 21 -1 25 -1 30 -1 31 -1 33 -1 38 -1 41 -1 45 -1 48 -1 -2
1 -1 6 -1 8 -1 11 -1 16 -1 21 -1 25 -1 30 -1 31 -1 33 -1 38 -1 41 -1 45 -1 48 -1 -2
1 -1 5 -1 10 -1 11 -1 20 -1 22 -1 25 -1 30 -1 32 -1 33 -1 39 -1 41 -1 47 -1 50 -1 -2
1 -1 5 -1 10 -1 11 -1 16 -1 21 -1 25 -1 30 -1 32 -1 33 -1 39 -1 41 -1 45 -1 48 -1 -2
1 -1 6 -1 10 -1 11 -1 16 -1 21 -1 23 -1 30 -1 31 -1 33 -1 39 -1 41 -1 47 -1 51 -1 -2
1 -1 6 -1 8 -1 11 -1 17 -1 21 -1 25 -1 30 -1 31 -1 33 -1 39 -1 41 -1 45 -1 49 -1 -2
2 -1 6 -1 10 -1 11 -1 16 -1 21 -1 25 -1 30 -1 32 -1 33 -1 39 -1 43 -1 47 -1 52 -1 -2
1 -1 5 -1 9 -1 11 -1 16 -1 21 -1 25 -1 30 -1 31 -1 33 -1 38 -1 41 -1 45 -1 48 -1 -2
3 -1 5 -1 9 -1 11 -1 16 -1 21 -1 25 -1 30 -1 31 -1 33 -1 39 -1 42 -1 45 -1 48 -1 -2
1 -1 6 -1 9 -1 11 -1 19 -1 21 -1 25 -1 30 -1 31 -1 33 -1 38 -1 41 -1 45 -1 48 -1 -2
3 -1 6 -1 9 -1 11 -1 16 -1 21 -1 25 -1 30 -1 31 -1 33 -1 39 -1 41 -1 47 -1 49 -1 -2
3 -1 6 -1 10 -1 11 -1 16 -1 21 -1 25 -1 30 -1 32 -1 36 -1 38 -1 43 -1 47 -1 50 -1 -2
1 -1 6 -1 9 -1 11 -1 16 -1 22 -1 25 -1 30 -1 31 -1 33 -1 38 -1 44 -1 45 -1 48 -1 -2
1 -1 6 -1 10 -1 11 -1 16 -1 21 -1 23 -1 30 -1 32 -1 37 -1 40 -1 41 -1 47 -1 51 -1 -2
1 -1 5 -1 10 -1 11 -1 16 -1 21 -1 25 -1 30 -1 31 -1 33 -1 39 -1 41 -1 45 -1 48 -1 -2
1 -1 6 -1 8 -1 11 -1 16 -1 21 -1 23 -1 30 -1 31 -1 33 -1 38 -1 41 -1 45 -1 48 -1 -2
1 -1 6 -1 8 -1 14 -1 17 -1 21 -1 25 -1 30 -1 31 -1 33 -1 38 -1 42 -1 47 -1 49 -1 -2
2 -1 5 -1 7 -1 11 -1 16 -1 21 -1 23 -1 30 -1 31 -1 33 -1 38 -1 41 -1 45 -1 48 -1 -2
1 -1 6 -1 9 -1 11 -1 16 -1 21 -1 25 -1 30 -1 31 -1 33 -1 40 -1 42 -1 45 -1 48 -1 -2
1 -1 6 -1 10 -1 11 -1 16 -1 21 -1 23 -1 30 -1 32 -1 33 -1 40 -1 41 -1 46 -1 50 -1 -2
1 -1 6 -1 10 -1 11 -1 16 -1 21 -1 25 -1 30 -1 31 -1 33 -1 38 -1 41 -1 45 -1 48 -1 -2
1 -1 6 -1 10 -1 11 -1 16 -1 22 -1 25 -1 30 -1 32 -1 33 -1 38 -1 43 -1 47 -1 51 -1 -2
3 -1 5 -1 10 -1 11 -1 16 -1 21 -1 23 -1 30 -1 32 -1 33 -1 39 -1 41 -1 45 -1 49 -1 -2
1 -1 6 -1 9 -1 11 -1 16 -1 21 -1 23 -1 30 -1 31 -1 33 -1 38 -1 41 -1 45 -1 48 -1 -2
1 -1 6 -1 10 -1 11 -1 16 -1 21 -1 23 -1 30 -1 31 -1 33 -1 38 -1 41 -1 47 -1 48 -1 -2
1 -1 6 -1 10 -1 11 -1 17 -1 21 -1 25 -1 30 -1 32 -1 33 -1 38 -1 41 -1 47 -1 49 -1 -2
1 -1 6 -1 9 -1 11 -1 16 -1 21 -1 23 -1 30 -1 31 -1 35 -1 40 -1 41 -1 45 -1 48 -1 -2
4 -1 6 -1 10 -1 11 -1 18 -1 21 -1 25 -1 30 -1 32 -1 33 -1 38 -1 44 -1 45 -1 52 -1 -2
3 -1 6 -1 10 -1 11 -1 17 -1 21 -1 25 -1 30 -1 32 -1 33 -1 39 -1 44 -1 45 -1 50 -1 -2
3 -1 6 -1 7 -1 13 -1 16 -1 21 -1 25 -1 30 -1 31 -1 33 -1 39 -1 41 -1 47 -1 48 -1 -2
1 -1 6 -1 10 -1 11 -1 17 -1 21 -1 23 -1 28 -1 32 -1 33 -1 39 -1 43 -1 47 -1 51 -1 -2
2 -1 6 -1 7 -1 14 -1 16 -1 21 -1 25 -1 30 -1 31 -1 36 -1 40 -1 41 -1 47 -1 48 -1 -2
1 -1 6 -1 10 -1 11 -1 16 -1 21 -1 25 -1 30 -1 32 -1 33 -1 39 -1 42 -1 46 -1 49 -1 -2
3 -1 5 -1 9 -1 11 -1 16 -1 21 -1 25 -1 30 -1 31 -1 33 -1 39 -1 41 -1 45 -1 48 -1 -2
1 -1 6 -1 8 -1 11 -1 16 -1 21 -1 25 -1 30 -1 31 -1 33 -1 38 -1 41 -1 47 -1 48 -1 -2
1 -1 6 -1 9 -1 11 -1 16 -1 21 -1 23 -1 30 -1 31 -1 33 -1 38 -1 41 -1 45 -1 48 -1 -2
2 -1 6 -1 10 -1 11 -1 18 -1 21 -1 25 -1 30 -1 31 -1 33 -1 39 -1 43 -1 47 -1 50 -1 -2
1 -1 6 -1 10 -1 11 -1 16 -1 22 -1 25 -1 30 -1 32 -1 33 -1 40 -1 41 -1 47 -1 49 -1 -2
1 -1 6 -1 10 -1 11 -1 16 -1 21 -1 25 -1 30 -1 31 -1 33 -1 39 -1 41 -1 47 -1 51 -1 -2
1 -1 6 -1 8 -1 11 -1 16 -1 21 -1 23 -1 30 -1 31 -1 33 -1 38 -1 41 -1 45 -1 48 -1 -2
3 -1 5 -1 9 -1 11 -1 16 -1 21 -1 23 -1 30 -1 31 -1 33 -1 38 -1 41 -1 45 -1 48 -1 -2
1 -1 6 -1 8 -1 11 -1 16 -1 22 -1 23 -1 30 -1 31 -1 33 -1 38 -1 41 -1 47 -1 48 -1 -2
1 -1 6 -1 8 -1 11 -1 16 -1 21 -1 23 -1 30 -1 31 -1 33 -1 38 -1 41 -1 47 -1 49 -1 -2
3 -1 6 -1 10 -1 11 -1 16 -1 21 -1 23 -1 26 -1 31 -1 33 -1 39 -1 41 -1 45 -1 50 -1 -2
1 -1 5 -1 8 -1 11 -1 18 -1 21 -1 23 -1 30 -1 31 -1 33 -1 38 -1 41 -1 45 -1 48 -1 -2
1 -1 6 -1 8 -1 11 -1 16 -1 21 -1 23 -1 30 -1 31 -1 33 -1 38 -1 41 -1 45 -1 48 -1 -2
1 -1 6 -1 10 -1 11 -1 18 -1 21 -1 23 -1 30 -1 32 -1 36 -1 39 -1 44 -1 47 -1 51 -1 -2
2 -1 5 -1 9 -1 11 -1 18 -1 21 -1 23 -1 30 -1 31 -1 33 -1 38 -1 42 -1 45 -1 48 -1 -2
3 -1 5 -1 10 -1 11 -1 16 -1 21 -1 23 -1 30 -1 32 -1 33 -1 39 -1 41 -1 45 -1 49 -1 -2
3 -1 6 -1 10 -1 11 -1 16 -1 21 -1 25 -1 30 -1 31 -1 33 -1 39 -1 43 -1 46 -1 52 -1 -2
1 -1 6 -1 9 -1 11 -1 16 -1 21 -1 23 -1 30 -1 31 -1 33 -1 38 -1 41 -1 45 -1 48 -1 -2
1 -1 5 -1 10 -1 11 -1 16 -1 21 -1 23 -1 30 -1 31 -1 33 -1 38 -1 41 -1 45 -1 48 -1 -2
1 -1 6 -1 10 -1 11 -1 18 -1 21 -1 23 -1 30 -1 32 -1 33 -1 39 -1 43 -1 47 -1 50 -1 -2
1 -1 5 -1 8 -1 11 -1 16 -1 21 -1 23 -1 30 -1 31 -1 33 -1 39 -1 41 -1 45 -1 48 -1 -2
1 -1 6 -1 9 -1 11 -1 16 -1 21 -1 25 -1 30 -1 31 -1 33 -1 39 -1 42 -1 47 -1 49 -1 -2
3 -1 6 -1 10 -1 11 -1 16 -1 21 -1 25 -1 28 -1 32 -1 33 -1 40 -1 42 -1 45 -1 51 -1 -2
1 -1 5 -1 10 -1 11 -1 16 -1 21 -1 25 -1 30 -1 32 -1 33 -1 39 -1 41 -1 45 -1 48 -1 -2
1 -1 5 -1 9 -1 11 -1 16 -1 21 -1 25 -1 30 -1 31 -1 33 -1 38 -1 41 -1 48 -1 -2
1 -1 5 -1 9 -1 11 -1 16 -1 21 -1 23 -1 30 -1 31 -1 33 -1 39 -1 41 -1 45 -1 48 -1 -2
1 -1 6 -1 10 -1 11 -1 18 -1 21 -1 23 -1 30 -1 32 -1 33 -1 38 -1 41 -1 47 -1 49 -1 -2
2 -1 6 -1 10 -1 13 -1 19 -1 21 -1 25 -1 30 -1 32 -1 35 -1 40 -1 41 -1 47 -1 50 -1 -2
1 -1 5 -1 9 -1 11 -1 16 -1 21 -1 23 -1 30 -1 31 -1 33 -1 39 -1 41 -1 45 -1 48 -1 -2
3 -1 6 -1 9 -1 11 -1 16 -1 22 -1 23 -1 30 -1 32 -1 33 -1 39 -1 41 -1 45 -1 48 -1 -2
1 -1 5 -1 10 -1 15 -1 17 -1 22 -1 25 -1 30 -1 32 -1 36 -1 40 -1 43 -1 47 -1 51 -1 -2
1 -1 5 -1 9 -1 11 -1 18 -1 21 -1 25 -1 30 -1 31 -1 33 -1 38 -1 41 -1 45 -1 48 -1 -2
1 -1 6 -1 8 -1 11 -1 16 -1 21 -1 23 -1 30 -1 31 -1 33 -1 40 -1 41 -1 47 -1 49 -1 -2
3 -1 5 -1 8 -1 11 -1 16 -1 21 -1 25 -1 30 -1 32 -1 33 -1 38 -1 42 -1 45 -1 48 -1 -2
3 -1 5 -1 10 -1 11 -1 20 -1 21 -1 25 -1 30 -1 31 -1 33 -1 39 -1 41 -1 45 -1 48 -1 -2
1 -1 6 -1 10 -1 11 -1 16 -1 22 -1 23 -1 30 -1 32 -1 33 -1 39 -1 41 -1 50 -1 -2
1 -1 6 -1 8 -1 11 -1 16 -1 21 -1 23 -1 30 -1 31 -1 33 -1 38 -1 41 -1 45 -1 48 -1 -2
3 -1 5 -1 10 -1 11 -1 20 -1 21 -1 25 -1 30 -1 31 -1 33 -1 38 -1 41 -1 45 -1 49 -1 -2
3 -1 6 -1 10 -1 11 -1 16 -1 21 -1 25 -1 30 -1 32 -1 36 -1 39 -1 42 -1 45 -1 52 -1 -2
1 -1 6 -1 10 -1 11 -1 16 -1 21 -1 25 -1 30 -1 32 -1 33 -1 38 -1 41 -1 47 -1 51 -1 -2
1 -1 5 -1 8 -1 11 -1 16 -1 21 -1 25 -1 30 -1 31 -1 33 -1 38 -1 41 -1 45 -1 48 -1 -2
1 -1 5 -1 9 -1 11 -1 16 -1 21 -1 23 -1 30 -1 31 -1 33 -1 39 -1 41 -1 45 -1 48 -1 -2
1 -1 5 -1 8 -1 11 -1 16 -1 21 -1 25 -1 30 -1 31 -1 33 -1 39 -1 41 -1 45 -1 48 -1 -2
3 -1 6 -1 10 -1 11 -1 19 -1 21 -1 25 -1 30 -1 31 -1 33 -1 39 -1 44 -1 45 -1 49 -1 -2
3 -1 6 -1 10 -1 11 -1 16 -1 22 -1 23 -1 30 -1 31 -1 35 -1 39 -1 43 -1 47 -1 50 -1 -2
1 -1 6 -1 8 -1 11 -1 16 -1 21 -1 23 -1 30 -1 31 -1 33 -1 40 -1 41 -1 45 -1 48 -1 -2
1 -1 5 -1 8 -1 11 -1 16 -1 21 -1 23 -1 30 -1 31 -1 33 -1 39 -1 41 -1 45 -1 48 -1 -2
3 -1 5 -1 10 -1 11 -1 16 -1 21 -1 25 -1 30 -1 31 -1 37 -1 40 -1 44 -1 47 -1 51 -1 -2
1 -1 5 -1 10 -1 11 -1 16 -1 21 -1 25 -1 30 -1 31 -1 33 -1 39 -1 41 -1 45 -1 48 -1 -2
2 -1 6 -1 9 -1 11 -1 16 -1 21 -1 25 -1 30 -1 31 -1 33 -1 39 -1 41 -1 45 -1 49 -1 -2
3 -1 5 -1 10 -1 14 -1 19 -1 21 -1 23 -1 30 -1 32 -1 33 -1 38 -1 41 -1 45 -1 48 -1 -2
3 -1 6 -1 8 -1 11 -1 16 -1 22 -1 25 -1 30 -1 31 -1 33 -1 38 -1 41 -1 45 -1 48 -1 -2
1 -1 6 -1 9 -1 11 -1 16 -1 22 -1 25 -1 30 -1 32 -1 33 -1 39 -1 42 -1 46 -1 50 -1 -2
1 -1 6 -1 10 -1 11 -1 16 -1 21 -1 23 -1 30 -1 32 -1 33 -1 38 -1 42 -1 47 -1 49 -1 -2
1 -1 5 -1 9 -1 11 -1 16 -1 21 -1 23 -1 30 -1 31 -1 33 -1 38 -1 41 -1 45 -1 48 -1 -2
1 -1 6 -1 10 -1 11 -1 16 -1 21 -1 25 -1 30 -1 32 -1 33 -1 39 -1 41 -1 47 -1 51 -1 -2
1 -1 6 -1 9 -1 11 -1 16 -1 22 -1 23 -1 30 -1 31 -1 33 -1 38 -1 43 -1 45 -1 48 -1 -2
1 -1 6 -1 8 -1 11 -1 16 -1 21 -1 23 -1 30 -1 31 -1 33 -1 39 -1 41 -1 46 -1 48 -1 -2
2 -1 6 -1 7 -1 11 -1 16 -1 21 -1 23 -1 30 -1 31 -1 33 -1 38 -1 43 -1 45 -1 49 -1 -2
3 -1 5 -1 10 -1 11 -1 20 -1 21 -1 25 -1 30 -1 31 -1 36 -1 39 -1 44 -1 47 -1 52 -1 -2
1 -1 5 -1 8 -1 11 -1 16 -1 21 -1 25 -1 30 -1 31 -1 33 -1 39 -1 41 -1 45 -1 48 -1 -2
1 -1 6 -1 10 -1 11 -1 16 -1 21 -1 23 -1 30 -1 31 -1 33 -1 39 -1 42 -1 47 -1 50 -1 -2
1 -1 5 -1 9 -1 11 -1 16 -1 21 -1 23 -1 30 -1 31 -1 33 -1 38 -1 41 -1 45 -1 48 -1 -2
3 -1 5 -1 9 -1 11 -1 16 -1 21 -1 23 -1 30 -1 31 -1 33 -1 38 -1 42 -1 45 -1 48 -1 -2
1 -1 6 -1 10 -1 11 -1 18 -1 21 -1 25 -1 30 -1 32 -1 33 -1 39 -1 44 -1 47 -1 51 -1 -2
1 -1 6 -1 9 -1 11 -1 16 -1 21 -1 25 -1 30 -1 31 -1 33 -1 38 -1 44 -1 45 -1 49 -1 -2
3 -1 5 -1 9 -1 11 -1 20 -1 21 -1 25 -1 30 -1 31 -1 33 -1 38 -1 41 -1 45 -1 48 -1 -2
3 -1 6 -1 8 -1 11 -1 16 -1 21 -1 25 -1 30 -1 31 -1 33 -1 38 -1 41 -1 45 -1 48 -1 -2
1 -1 6 -1 8 -1 11 -1 16 -1 21 -1 23 -1 30 -1 31 -1 33 -1 38 -1 42 -1 45 -1 48 -1 -2
3 -1 5 -1 9 -1 11 -1 16 -1 21 -1 23 -1 29 -1 31 -1 33 -1 39 -1 42 -1 47 -1 50 -1 -2
1 -1 6 -1 9 -1 11 -1 16 -1 21 -1 23 -1 30 -1 31 -1 33 -1 38 -1 41 -1 45 -1 49 -1 -2
3 -1 5 -1 8 -1 11 -1 16 -1 21 -1 23 -1 30 -1 31 -1 33 -1 38 -1 43 -1 45 -1 48 -1 -2
1 -1 6 -1 10 -1 11 -1 20 -1 21 -1 23 -1 30 -1 32 -1 33 -1 39 -1 42 -1 47 -1 51 -1 -2
2 -1 6 -1 9 -1 11 -1 16 -1 22 -1 23 -1 30 -1 31 -1 33 -1 38 -1 41 -1 45 -1 48 -1 -2
1 -1 6 -1 7 -1 11 -1 18 -1 22 -1 23 -1 30 -1 31 -1 33 -1 39 -1 41 -1 47 -1 48 -1 -2
1 -1 6 -1 10 -1 11 -1 16 -1 21 -1 25 -1 30 -1 31 -1 33 -1 38 -1 41 -1 47 -1 49 -1 -2
3 -1 6 -1 7 -1 11 -1 16 -1 22 -1 25 -1 30 -1 31 -1 33 -1 40 -1 41 -1 46 -1 48 -1 -2
3 -1 6 -1 8 -1 11 -1 16 -1 21 -1 23 -1 30 -1 32 -1 33 -1 39 -1 44 -1 46 -1 50 -1 -2
1 -1 5 -1 9 -1 11 -1 16 -1 21 -1 25 -1 30 -1 32 -1 33 -1 40 -1 41 -1 45 -1 48 -1 -2
3 -1 5 -1 10 -1 11 -1 16 -1 21 -1 23 -1 30 -1 31 -1 33 -1 39 -1 41 -1 45 -1 48 -1 -2
1 -1 6 -1 9 -1 11 -1 16 -1 21 -1 25 -1 30 -1 31 -1 33 -1 38 -1 43 -1 47 -1 51 -1 -2
1 -1 6 -1 10 -1 11 -1 17 -1 21 -1 25 -1 30 -1 32 -1 33 -1 39 -1 42 -1 47 -1 52 -1 -2
3 -1 6 -1 10 -1 11 -1 16 -1 21 -1 23 -1 29 -1 32 -1 33 -1 39 -1 43 -1 47 -1 49 -1 -2
1 -1 6 -1 8 -1 11 -1 16 -1 21 -1 23 -1 30 -1 31 -1 33 -1 38 -1 41 -1 45 -1 48 -1 -2
1 -1 6 -1 10 -1 11 -1 16 -1 22 -1 23 -1 30 -1 31 -1 33 -1 38 -1 44 -1 47 -1 48 -1 -2
3 -1 6 -1 9 -1 11 -1 16 -1 21 -1 25 -1 30 -1 31 -1 33 -1 39 -1 44 -1 47 -1 50 -1 -2
1 -1 6 -1 9 -1 11 -1 16 -1 21 -1 23 -1 30 -1 32 -1 33 -1 39 -1 41 -1 45 -1 48 -1 -2
1 -1 6 -1 9 -1 11 -1 16 -1 21 -1 23 -1 30 -1 31 -1 36 -1 39 -1 41 -1 45 -1 49 -1 -2
1 -1 6 -1 8 -1 11 -1 18 -1 21 -1 25 -1 30 -1 31 -1 33 -1 38 -1 41 -1 45 -1 48 -1 -2
1 -1 6 -1 8 -1 11 -1 16 -1 21 -1 23 -1 30 -1 31 -1 33 -1 39 -1 47 -1 48 -1 -2
1 -1 6 -1 10 -1 11 -1 16 -1 21 -1 25 -1 30 -1 32 -1 33 -1 39 -1 41 -1 47 -1 51 -1 -2
3 -1 5 -1 10 -1 11 -1 16 -1 21 -1 23 -1 30 -1 31 -1 33 -1 38 -1 43 -1 45 -1 48 -1 -2
1 -1 6 -1 10 -1 11 -1 16 -1 21 -1 25 -1 30 -1 32 -1 33 -1 39 -1 42 -1 47 -1 49 -1 -2
2 -1 6 -1 9 -1 11 -1 16 -1 22 -1 23 -1 30 -1 31 -1 33 -1 39 -1 42 -1 46 -1 50 -1 -2
3 -1 6 -1 10 -1 11 -1 16 -1 21 -1 23 -1 30 -1 31 -1 33 -1 38 -1 41 -1 47 -1 48 -1 -2
1 -1 5 -1 8 -1 11 -1 16 -1 21 -1 23 -1 30 -1 31 -1 33 -1 38 -1 41 -1 45 -1 48 -1 -2
1 -1 6 -1 7 -1 11 -1 16 -1 21 -1 25 -1 30 -1 31 -1 33 -1 38 -1 43 -1 45 -1 48 -1 -2
2 -1 5 -1 10 -1 14 -1 16 -1 21 -1 23 -1 30 -1 32 -1 33 -1 39 -1 41 -1 45 -1 49 -1 -2
1 -1 6 -1 10 -1 11 -1 16 -1 21 -1 23 -1 30 -1 32 -1 33 -1 39 -1 42 -1 47 -1 51 -1 -2
1 -1 6 -1 9 -1 11 -1 16 -1 21 -1 23 -1 30 -1 31 -1 33 -1 38 -1 41 -1 45 -1 48 -1 -2
1 -1 6 -1 10 -1 11 -1 16 -1 21 -1 23 -1 30 -1 31 -1 33 -1 38 -1 41 -1 45 -1 48 -1 -2
3 -1 6 -1 7 -1 11 -1 16 -1 21 -1 23 -1 30 -1 31 -1 33 -1 39 -1 43 -1 45 -1 50 -1 -2
1 -1 6 -1 7 -1 11 -1 16 -1 21 -1 25 -1 30 -1 31 -1 33 -1 39 -1 41 -1 47 -1 48 -1 -2
1 -1 6 -1 9 -1 11 -1 16 -1 21 -1 25 -1 30 -1 31 -1 33 -1 39 -1 42 -1 47 -1 52 -1 -2
3 -1 6 -1 10 -1 11 -1 16 -1 21 -1 25 -1 30 -1 32 -1 33 -1 39 -1 43 -1 47 -1 49 -1 -2
3 -1 5 -1 9 -1 11 -1 16 -1 21 -1 24 -1 30 -1 31 -1 33 -1 39 -1 41 -1 45 -1 48 -1 -2
1 -1 6 -1 9 -1 11 -1 16 -1 21 -1 23 -1 30 -1 31 -1 33 -1 38 -1 41 -1 45 -1 48 -1 -2
3 -1 5 -1 10 -1 14 -1 16 -1 22 -1 23 -1 30 -1 32 -1 33 -1 39 -1 43 -1 47 -1 51 -1 -2
3 -1 6 -1 9 -1 11 -1 16 -1 21 -1 23 -1 30 -1 31 -1 33 -1 38 -1 42 -1 47 -1 48 -1 -2
1 -1 6 -1 10 -1 11 -1 16 -1 21 -1 23 -1 30 -1 32 -1 33 -1 39 -1 41 -1 47 -1 49 -1 -2
3 -1 6 -1 10 -1 11 -1 16 -1 21 -1 25 -1 30 -1 31 -1 33 -1 39 -1 42 -1 47 -1 50 -1 -2
1 -1 6 -1 10 -1 11 -1 16 -1 21 -1 23 -1 30 -1 31 -1 33 -1 39 -1 41 -1 46 -1 48 -1 -2
1 -1 6 -1 9 -1 11 -1 16 -1 22 -1 25 -1 30 -1 31 -1 33 -1 40 -1 41 -1 45 -1 48 -1 -2
3 -1 6 -1 9 -1 11 -1 20 -1 21 -1 23 -1 30 -1 31 -1 33 -1 38 -1 41 -1 45 -1 49 -1 -2
1 -1 6 -1 10 -1 11 -1 16 -1 21 -1 23 -1 30 -1 32 -1 33 -1 39 -1 41 -1 46 -1 48 -1 -2
3 -1 6 -1 9 -1 11 -1 16 -1 21 -1 23 -1 30 -1 32 -1 33 -1 39 -1 42 -1 47 -1 51 -1 -2
3 -1 5 -1 9 -1 11 -1 18 -1 21 -1 23 -1 30 -1 31 -1 33 -1 38 -1 41 -1 47 -1 48 -1 -2
1 -1 6 -1 9 -1 11 -1 16 -1 21 -1 23 -1 30 -1 32 -1 33 -1 38 -1 42 -1 47 -1 48 -1 -2
3 -1 6 -1 10 -1 11 -1 16 -1 21 -1 25 -1 30 -1 31 -1 33 -1 39 -1 42 -1 47 -1 50 -1 -2
3 -1 5 -1 10 -1 11 -1 18 -1 21 -1 25 -1 30 -1 32 -1 33 -1 39 -1 41 -1 47 -1 49 -1 -2
3 -1 5 -1 9 -1 11 -1 20 -1 22 -1 25 -1 30 -1 31 -1 33 -1 38 -1 42 -1 45 -1 48 -1 -2
1 -1 6 -1 9 -1 11 -1 16 -1 21 -1 25 -1 30 -1 31 -1 33 -1 38 -1 41 -1 45 -1 48 -1 -2
1 -1 6 -1 9 -1 11 -1 18 -1 21 -1 23 -1 30 -1 31 -1 33 -1 38 -1 42 -1 45 -1 48 -1 -2
1 -1 6 -1 9 -1 11 -1 16 -1 21 -1 23 -1 30 -1 31 -1 33 -1 39 -1 44 -1 47 -1 51 -1 -2
1 -1 6 -1 7 -1 11 -1 16 -1 21 -1 23 -1 30 -1 32 -1 36 -1 39 -1 41 -1 47 -1 52 -1 -2
1 -1 6 -1 10 -1 11 -1 16 -1 21 -1 23 -1 30 -1 31 -1 33 -1 38 -1 42 -1 45 -1 49 -1 -2
2 -1 6 -1 10 -1 11 -1 16 -1 21 -1 23 -1 30 -1 31 -1 33 -1 39 -1 41 -1 47 -1 48 -1 -2
1 -1 5 -1 10 -1 13 -1 16 -1 22 -1 25 -1 30 -1 32 -1 33 -1 39 -1 43 -1 46 -1 50 -1 -2
1 -1 5 -1 10 -1 11 -1 16 -1 21 -1 25 -1 30 -1 31 -1 33 -1 38 -1 41 -1 45 -1 48 -1 -2
2 -1 6 -1 10 -1 11 -1 16 -1 21 -1 25 -1 30 -1 31 -1 33 -1 38 -1 41 -1 45 -1 48 -1 -2
1 -1 6 -1 10 -1 11 -1 16 -1 21 -1 25 -1 30 -1 31 -1 33 -1 38 -1 42 -1 45 -1 49 -1 -2
3 -1 5 -1 9 -1 11 -1 20 -1 21 -1 25 -1 30 -1 31 -1 33 -1 39 -1 41 -1 47 -1 48 -1 -2
1 -1 6 -1 10 -1 11 -1 16 -1 21 -1 23 -1 30 -1 31 -1 33 -1 38 -1 43 -1 47 -1 51 -1 -2
1 -1 6 -1 8 -1 11 -1 16 -1 21 -1 23 -1 30 -1 31 -1 33 -1 38 -1 41 -1 47 -1 48 -1 -2
3 -1 6 -1 7 -1 11 -1 16 -1 21 -1 25 -1 30 -1 32 -1 33 -1 39 -1 41 -1 45 -1 48 -1 -2
1 -1 6 -1 10 -1 11 -1 16 -1 21 -1 23 -1 30 -1 31 -1 33 -1 38 -1 42 -1 47 -1 50 -1 -2
3 -1 6 -1 9 -1 11 -1 18 -1 21 -1 23 -1 30 -1 32 -1 33 -1 39 -1 41 -1 47 -1 49 -1 -2
1 -1 6 -1 10 -1 11 -1 16 -1 21 -1 25 -1 30 -1 31 -1 33 -1 38 -1 41 -1 45 -1 48 -1 -2
1 -1 6 -1 10 -1 11 -1 16 -1 21 -1 23 -1 30 -1 31 -1 33 -1 38 -1 41 -1 45 -1 48 -1 -2
1 -1 5 -1 10 -1 11 -1 16 -1 21 -1 23 -1 30 -1 31 -1 33 -1 38 -1 41 -1 45 -1 48 -1 -2
3 -1 6 -1 9 -1 14 -1 16 -1 22 -1 25 -1 30 -1 32 -1 33 -1 39 -1 41 -1 47 -1 51 -1 -2
1 -1 6 -1 9 -1 11 -1 16 -1 21 -1 23 -1 30 -1 31 -1 33 -1 39 -1 42 -1 47 -1 49 -1 -2
1 -1 5 -1 8 -1 11 -1 16 -1 21 -1 23 -1 30 -1 31 -1 33 -1 38 -1 42 -1 45 -1 48 -1 -2
1 -1 5 -1 10 -1 11 -1 18 -1 21 -1 23 -1 30 -1 32 -1 33 -1 39 -1 41 -1 47 -1 50 -1 -2
1 -1 5 -1 10 -1 11 -1 16 -1 21 -1 25 -1 30 -1 31 -1 33 -1 39 -1 41 -1 45 -1 48 -1 -2
1 -1 6 -1 9 -1 11 -1 16 -1 22 -1 25 -1 30 -1 31 -1 33 -1 39 -1 41 -1 45 -1 48 -1 -2
1 -1 6 -1 10 -1 11 -1 16 -1 21 -1 25 -1 30 -1 31 -1 33 -1 39 -1 41 -1 47 -1 52 -1 -2
1 -1 6 -1 10 -1 11 -1 18 -1 21 -1 25 -1 30 -1 31 -1 33 -1 38 -1 43 -1 47 -1 49 -1 -2
1 -1 6 -1 8 -1 11 -1 18 -1 21 -1 23 -1 30 -1 31 -1 33 -1 38 -1 41 -1 47 -1 48 -1 -2
3 -1 6 -1 10 -1 11 -1 18 -1 21 -1 25 -1 30 -1 32 -1 33 -1 39 -1 43 -1 45 -1 51 -1 -2
1 -1 5 -1 10 -1 11 -1 16 -1 21 -1 23 -1 30 -1 31 -1 33 -1 39 -1 41 -1 45 -1 48 -1 -2
1 -1 5 -1 8 -1 11 -1 17 -1 22 -1 25 -1 30 -1 32 -1 33 -1 38 -1 42 -1 45 -1 48 -1 -2
1 -1 6 -1 10 -1 11 -1 20 -1 21 -1 23 -1 30 -1 32 -1 33 -1 39 -1 42 -1 47 -1 50 -1 -2
1 -1 6 -1 10 -1 11 -1 16 -1 21 -1 25 -1 30 -1 32 -1 33 -1 39 -1 44 -1 47 -1 49 -1 -2
1 -1 6 -1 9 -1 11 -1 16 -1 21 -1 23 -1 30 -1 31 -1 33 -1 38 -1 45 -1 48 -1 -2
1 -1 6 -1 7 -1 11 -1 16 -1 21 -1 25 -1 30 -1 31 -1 33 -1 38 -1 41 -1 45 -1 48 -1 -2
3 -1 6 -1 10 -1 11 -1 16 -1 21 -1 25 -1 30 -1 31 -1 33 -1 38 -1 41 -1 46 -1 48 -1 -2
3 -1 5 -1 10 -1 11 -1 16 -1 21 -1 25 -1 30 -1 31 -1 36 -1 40 -1 43 -1 45 -1 51 -1 -2
3 -1 6 -1 10 -1 11 -1 16 -1 21 -1 25 -1 30 -1 31 -1 33 -1 38 -1 43 -1 46 -1 49 -1 -2
3 -1 5 -1 10 -1 11 -1 18 -1 22 -1 23 -1 30 -1 31 -1 33 -1 39 -1 44 -1 45 -1 50 -1 -2
1 -1 5 -1 9 -1 11 -1 18 -1 21 -1 25 -1 30 -1 31 -1 33 -1 38 -1 42 -1 45 -1 48 -1 -2
3 -1 5 -1 7 -1 11 -1 16 -1 21 -1 23 -1 30 -1 31 -1 33 -1 38 -1 43 -1 45 -1 48 -1 -2
3 -1 5 -1 9 -1 11 -1 16 -1 22 -1 25 -1 30 -1 31 -1 33 -1 38 -1 42 -1 45 -1 48 -1 -2
1 -1 6 -1 10 -1 11 -1 16 -1 21 -1 23 -1 30 -1 31 -1 33 -1 38 -1 41 -1 47 -1 49 -1 -2
1 -1 6 -1 8 -1 11 -1 16 -1 21 -1 25 -1 30 -1 31 -1 33 -1 38 -1 41 -1 45 -1 48 -1 -2
2 -1 6 -1 10 -1 11 -1 16 -1 22 -1 25 -1 27 -1 31 -1 33 -1 39 -1 43 -1 46 -1 51 -1 -2
3 -1 5 -1 10 -1 11 -1 16 -1 21 -1 23 -1 30 -1 31 -1 33 -1 38 -1 41 -1 45 -1 48 -1 -2
2 -1 6 -1 10 -1 11 -1 17 -1 21 -1 25 -1 30 -1 32 -1 33 -1 39 -1 43 -1 47 -1 50 -1 -2
3 -1 6 -1 10 -1 11 -1 16 -1 21 -1 23 -1 30 -1 32 -1 33 -1 40 -1 41 -1 47 -1 52 -1 -2
1 -1 5 -1 9 -1 11 -1 20 -1 21 -1 23 -1 30 -1 31 -1 33 -1 38 -1 41 -1 45 -1 48 -1 -2
1 -1 5 -1 10 -1 11 -1 16 -1 21 -1 23 -1 30 -1 32 -1 33 -1 39 -1 41 -1 47 -1 49 -1 -2
1 -1 6 -1 9 -1 11 -1 16 -1 22 -1 25 -1 30 -1 31 -1 33 -1 38 -1 41 -1 45 -1 48 -1 -2
1 -1 6 -1 10 -1 11 -1 18 -1 21 -1 23 -1 30 -1 31 -1 33 -1 39 -1 41 -1 45 -1 48 -1 -2
3 -1 6 -1 10 -1 11 -1 16 -1 21 -1 25 -1 30 -1 32 -1 33 -1 38 -1 42 -1 47 -1 49 -1 -2
3 -1 6 -1 10 -1 11 -1 20 -1 22 -1 25 -1 30 -1 32 -1 33 -1 38 -1 44 -1 47 -1 51 -1 -2
1 -1 5 -1 8 -1 11 -1 16 -1 21 -1 23 -1 30 -1 31 -1 33 -1 38 -1 41 -1 45 -1 48 -1 -2
1 -1 6 -1 10 -1 11 -1 18 -1 21 -1 25 -1 30 -1 31 -1 33 -1 38 -1 42 -1 45 -1 50 -1 -2
1 -1 6 -1 10 -1 11 -1 16 -1 21 -1 23 -1 30 -1 32 -1 33 -1 38 -1 41 -1 47 -1 48 -1 -2
1 -1 6 -1 9 -1 11 -1 16 -1 21 -1 25 -1 30 -1 31 -1 33 -1 38 -1 41 -1 45 -1 48 -1 -2
2 -1 6 -1 10 -1 11 -1 16 -1 21 -1 23 -1 30 -1 32 -1 33 -1 38 -1 42 -1 47 -1 49 -1 -2
3 -1 6 -1 9 -1 11 -1 16 -1 21 -1 23 -1 30 -1 31 -1 33 -1 39 -1 44 -1 47 -1 48 -1 -2
3 -1 6 -1 10 -1 11 -1 16 -1 21 -1 23 -1 30 -1 32 -1 33 -1 39 -1 42 -1 47 -1 48 -1 -2
3 -1 6 -1 8 -1 11 -1 17 -1 21 -1 25 -1 29 -1 31 -1 33 -1 39 -1 42 -1 47 -1 51 -1 -2
1 -1 6 -1 7 -1 11 -1 16 -1 21 -1 25 -1 30 -1 32 -1 33 -1 38 -1 42 -1 45 -1 48 -1 -2
1 -1 6 -1 10 -1 11 -1 17 -1 22 -1 25 -1 29 -1 32 -1 33 -1 40 -1 41 -1 47 -1 50 -1 -2
1 -1 6 -1 10 -1 11 -1 16 -1 22 -1 25 -1 30 -1 32 -1 33 -1 39 -1 42 -1 45 -1 49 -1 -2
3 -1 6 -1 7 -1 11 -1 16 -1 22 -1 25 -1 30 -1 31 -1 33 -1 39 -1 42 -1 45 -1 48 -1 -2
1 -1 5 -1 10 -1 11 -1 20 -1 21 -1 23 -1 30 -1 32 -1 33 -1 38 -1 41 -1 45 -1 48 -1 -2
1 -1 6 -1 9 -1 11 -1 16 -1 22 -1 23 -1 30 -1 31 -1 33 -1 40 -1 41 -1 47 -1 48 -1 -2
1 -1 6 -1 10 -1 11 -1 17 -1 22 -1 25 -1 30 -1 31 -1 33 -1 39 -1 44 -1 47 -1 52 -1 -2
2 -1 6 -1 7 -1 11 -1 16 -1 21 -1 25 -1 30 -1 31 -1 33 -1 38 -1 41 -1 45 -1 49 -1 -2
1 -1 6 -1 10 -1 11 -1 16 -1 21 -1 23 -1 30 -1 32 -1 33 -1 39 -1 42 -1 47 -1 51 -1 -2
1 -1 5 -1 9 -1 11 -1 16 -1 21 -1 25 -1 30 -1 32 -1 33 -1 38 -1 41 -1 45 -1 48 -1 -2
2 -1 6 -1 10 -1 11 -1 16 -1 21 -1 23 -1 30 -1 32 -1 33 -1 38 -1 42 -1 47 -1 50 -1 -2
1 -1 5 -1 8 -1 11 -1 16 -1 21 -1 23 -1 30 -1 31 -1 33 -1 38 -1 41 -1 45 -1 48 -1 -2
1 -1 5 -1 9 -1 11 -1 16 -1 21 -1 23 -1 30 -1 31 -1 33 -1 38 -1 41 -1 45 -1 48 -1 -2
2 -1 5 -1 10 -1 11 -1 18 -1 21 -1 25 -1 30 -1 31 -1 33 -1 38 -1 41 -1 45 -1 49 -1 -2
1 -1 6 -1 10 -1 11 -1 16 -1 21 -1 23 -1 30 -1 31 -1 33 -1 38 -1 41 -1 45 -1 48 -1 -2
1 -1 5 -1 9 -1 11 -1 16 -1 21 -1 25 -1 30 -1 31 -1 33 -1 38 -1 41 -1 45 -1 48 -1 -2
1 -1 6 -1 10 -1 11 -1 17 -1 21 -1 25 -1 30 -1 32 -1 33 -1 39 -1 43 -1 45 -1 51 -1 -2
1 -1 6 -1 9 -1 11 -1 16 -1 21 -1 23 -1 30 -1 32 -1 33 -1 38 -1 41 -1 45 -1 48 -1 -2
3 -1 6 -1 10 -1 11 -1 16 -1 21 -1 23 -1 30 -1 31 -1 33 -1 38 -1 42 -1 47 -1 50 -1 -2
1 -1 6 -1 10 -1 11 -1 16 -1 21 -1 25 -1 30 -1 31 -1 33 -1 38 -1 41 -1 47 -1 49 -1 -2
1 -1 6 -1 9 -1 11 -1 16 -1 21 -1 25 -1 30 -1 31 -1 33 -1 39 -1 41 -1 47 -1 48 -1 -2
1 -1 6 -1 7 -1 11 -1 16 -1 21 -1 23 -1 30 -1 32 -1 33 -1 38 -1 41 -1 47 -1 48 -1 -2
1 -1 6 -1 10 -1 11 -1 16 -1 21 -1 25 -1 30 -1 32 -1 33 -1 39 -1 41 -1 45 -1 48 -1 -2
2 -1 6 -1 7 -1 13 -1 17 -1 21 -1 25 -1 30 -1 31 -1 33 -1 39 -1 41 -1 47 -1 49 -1 -2
1 -1 6 -1 10 -1 11 -1 16 -1 21 -1 25 -1 30 -1 32 -1 33 -1 39 -1 43 -1 47 -1 51 -1 -2
1 -1 5 -1 8 -1 11 -1 20 -1 21 -1 23 -1 30 -1 31 -1 33 -1 38 -1 41 -1 45 -1 48 -1 -2
2 -1 6 -1 10 -1 11 -1 16 -1 22 -1 23 -1 30 -1 32 -1 33 -1 38 -1 43 -1 47 -1 50 -1 -2
1 -1 6 -1 9 -1 11 -1 16 -1 21 -1 25 -1 30 -1 31 -1 33 -1 39 -1 41 -1 45 -1 48 -1 -2
3 -1 5 -1 10 -1 11 -1 16 -1 21 -1 25 -1 30 -1 31 -1 33 -1 39 -1 44 -1 47 -1 52 -1 -2
1 -1 5 -1 9 -1 11 -1 16 -1 21 -1 23 -1 30 -1 31 -1 33 -1 39 -1 41 -1 45 -1 48 -1 -2
1 -1 6 -1 10 -1 11 -1 16 -1 21 -1 25 -1 30 -1 32 -1 33 -1 39 -1 42 -1 46 -1 49 -1 -2
1 -1 5 -1 9 -1 11 -1 16 -1 21 -1 23 -1 30 -1 31 -1 33 -1 39 -1 41 -1 45 -1 48 -1 -2
1 -1 6 -1 10 -1 11 -1 16 -1 21 -1 23 -1 30 -1 31 -1 33 -1 38 -1 41 -1 45 -1 48 -1 -2
1 -1 6 -1 10 -1 11 -1 16 -1 21 -1 25 -1 30 -1 32 -1 33 -1 39 -1 41 -1 47 -1 51 -1 -2
3 -1 5 -1 9 -1 11 -1 16 -1 21 -1 25 -1 30 -1 31 -1 33 -1 38 -1 41 -1 45 -1 48 -1 -2
1 -1 5 -1 10 -1 11 -1 20 -1 21 -1 25 -1 30 -1 32 -1 33 -1 39 -1 43 -1 47 -1 50 -1 -2
3 -1 5 -1 10 -1 11 -1 16 -1 21 -1 23 -1 30 -1 32 -1 33 -1 39 -1 43 -1 45 -1 49 -1 -2
1 -1 6 -1 8 -1 11 -1 16 -1 22 -1 23 -1 30 -1 31 -1 33 -1 38 -1 41 -1 45 -1 48 -1 -2
1 -1 6 -1 8 -1 11 -1 16 -1 21 -1 23 -1 30 -1 31 -1 33 -1 38 -1 41 -1 45 -1 48 -1 -2
1 -1 6 -1 8 -1 11 -1 16 -1 21 -1 25 -1 30 -1 31 -1 33 -1 39 -1 41 -1 45 -1 48 -1 -2
1 -1 5 -1 8 -1 11 -1 16 -1 21 -1 25 -1 30 -1 31 -1 33 -1 39 -1 42 -1 45 -1 49 -1 -2
1 -1 5 -1 8 -1 11 -1 18 -1 22 -1 25 -1 30 -1 31 -1 33 -1 38 -1 43 -1 45 -1 51 -1 -2
1 -1 5 -1 8 -1 11 -1 18 -1 21 -1 25 -1 30 -1 31 -1 33 -1 39 -1 41 -1 45 -1 48 -1 -2
1 -1 6 -1 10 -1 11 -1 18 -1 21 -1 23 -1 30 -1 32 -1 33 -1 39 -1 41 -1 46 -1 50 -1 -2
1 -1 5 -1 7 -1 11 -1 17 -1 22 -1 25 -1 30 -1 31 -1 33 -1 38 -1 41 -1 45 -1 48 -1 -2
1 -1 6 -1 8 -1 11 -1 16 -1 21 -1 23 -1 30 -1 31 -1 33 -1 38 -1 41 -1 45 -1 48 -1 -2
1 -1 6 -1 10 -1 11 -1 16 -1 21 -1 23 -1 27 -1 32 -1 33 -1 39 -1 42 -1 47 -1 49 -1 -2
1 -1 6 -1 9 -1 11 -1 16 -1 21 -1 25 -1 30 -1 31 -1 33 -1 38 -1 41 -1 47 -1 48 -1 -2
2 -1 6 -1 8 -1 11 -1 16 -1 21 -1 23 -1 30 -1 32 -1 33 -1 38 -1 41 -1 45 -1 48 -1 -2
1 -1 5 -1 9 -1 11 -1 18 -1 22 -1 23 -1 30 -1 31 -1 33 -1 38 -1 41 -1 45 -1 48 -1 -2
1 -1 6 -1 10 -1 11 -1 16 -1 21 -1 25 -1 30 -1 32 -1 33 -1 38 -1 41 -1 45 -1 48 -1 -2
